34
27
10
0	0	0	0	0	0	0	0	0	0	0	0	0	0	0	0	0	0	0	0	0	0	0	0	4	4	4	4	4	4	4	4	4	4	
1	-1	0	0	0	0	0	0	0	0	0	0	0	0	0	0	0	0	0	0	0	0	0	0	0	0	0	
0	1	-1	0	0	0	0	0	0	0	0	0	0	0	0	0	0	0	0	0	0	0	0	0	0	0	0	
0	0	1	-1	0	0	0	0	0	0	0	0	0	0	0	0	0	0	0	0	0	0	0	0	0	0	0	
0	0	0	1	-1	0	0	0	0	0	0	0	0	0	0	0	0	0	0	0	0	0	0	0	0	0	0	
0	0	0	0	1	-1	0	0	0	0	0	0	0	0	0	0	0	0	0	0	0	0	0	0	0	0	0	
0	0	0	0	0	1	-1	0	0	0	0	0	0	0	0	0	0	0	0	0	0	0	0	0	0	0	0	
0	0	0	0	0	0	1	-1	0	0	0	0	0	0	0	0	0	0	0	0	0	0	0	0	0	0	0	
0	0	0	0	0	0	0	1	-1	0	0	0	0	0	0	0	0	0	0	0	0	0	0	0	0	0	0	
0	0	0	0	0	0	0	0	0	1	-1	0	0	0	0	0	0	0	0	0	0	0	0	0	0	0	0	
0	0	0	0	0	0	0	0	0	0	1	-1	0	0	0	0	0	0	0	0	0	0	0	0	0	0	0	
0	0	0	0	0	0	0	0	0	0	0	1	-1	0	0	0	0	0	0	0	0	0	0	0	0	0	0	
0	0	0	0	0	0	0	0	0	0	0	0	1	-1	0	0	0	0	0	0	0	0	0	0	0	0	0	
0	0	0	0	0	0	0	0	0	0	0	0	0	1	-1	0	0	0	0	0	0	0	0	0	0	0	0	
0	0	0	0	0	0	0	0	0	0	0	0	0	0	1	-1	0	0	0	0	0	0	0	0	0	0	0	
0	0	0	0	0	0	0	0	0	0	0	0	0	0	0	1	-1	0	0	0	0	0	0	0	0	0	0	
0	0	0	0	0	0	0	0	0	0	0	0	0	0	0	0	1	-1	0	0	0	0	0	0	0	0	0	
0	0	0	0	0	0	0	0	0	0	0	0	0	0	0	0	0	0	1	-1	0	0	0	0	0	0	0	
0	0	0	0	0	0	0	0	0	0	0	0	0	0	0	0	0	0	0	1	-1	0	0	0	0	0	0	
0	0	0	0	0	0	0	0	0	0	0	0	0	0	0	0	0	0	0	0	1	-1	0	0	0	0	0	
0	0	0	0	0	0	0	0	0	0	0	0	0	0	0	0	0	0	0	0	0	1	-1	0	0	0	0	
0	0	0	0	0	0	0	0	0	0	0	0	0	0	0	0	0	0	0	0	0	0	1	-1	0	0	0	
0	0	0	0	0	0	0	0	0	0	0	0	0	0	0	0	0	0	0	0	0	0	0	1	-1	0	0	
0	0	0	0	0	0	0	0	0	0	0	0	0	0	0	0	0	0	0	0	0	0	0	0	1	-1	0	
0	0	0	0	0	0	0	0	0	0	0	0	0	0	0	0	0	0	0	0	0	0	0	0	0	1	-1	
-2	0	2	-3	0	0	0	3	0	0	0	0	0	0	0	0	0	0	0	0	0	0	0	0	0	0	0	
0	0	0	0	-2	0	0	0	2	-1	0	0	0	0	0	0	0	1	0	0	0	0	0	0	-4	0	4	
0	0	0	0	0	0	0	0	0	0	0	0	0	0	0	0	0	0	0	0	0	-1	0	0	1	0	0	
0	0	0	0	0	0	0	0	0	0	0	0	0	-2	0	-2	0	4	0	0	0	0	0	-3	0	-1	4	
0	0	0	0	0	0	-2	-1	3	0	0	0	0	0	0	0	0	0	0	0	0	0	0	0	0	0	0	
0	0	0	0	0	0	0	0	0	0	0	0	0	0	0	0	-3	3	0	0	0	0	0	0	0	0	0	
0	0	0	0	0	-1	0	0	1	0	0	-2	0	0	1	0	0	1	-1	0	0	0	1	0	0	0	0	
0	0	-4	0	1	2	0	0	1	0	-4	0	3	0	0	0	0	1	0	0	-3	0	0	0	0	0	3	
0	0	0	0	0	0	0	0	0	0	0	0	0	0	-4	0	0	4	0	0	0	0	0	0	0	0	0	
0	-1	0	0	0	0	0	0	1	0	0	0	-4	0	0	0	1	3	0	-1	0	0	-2	0	0	0	3	
6
0	1	3	4	5	6	
2	2	3	3	3	3	
14
4	5	6	7	8	9	10	11	12	13	14	15	22	23	
2	2	2	2	1	1	1	1	1	1	1	1	4	4	
3
19	20	21	
1	1	1	
7
12	13	14	15	21	22	23	
2	2	4	4	3	3	4	
2
6	7	
2	3	
1
15	
3	
13
5	6	7	10	11	12	13	14	15	16	17	18	19	
1	1	1	2	2	2	1	1	1	1	1	1	1	
19
2	3	4	5	6	7	9	10	11	12	13	14	15	18	19	20	21	22	23	
4	4	3	1	1	1	4	4	1	1	1	1	1	3	3	3	3	3	3	
3
13	14	15	
4	4	4	
19
1	2	3	4	5	6	7	11	12	13	14	15	17	18	19	20	21	22	23	
1	1	1	1	1	1	1	4	4	4	4	3	1	1	1	3	3	3	3	
