32
27
8
0	0	0	0	0	0	0	0	0	0	0	0	0	0	0	0	0	0	0	0	0	0	0	0	4	4	4	4	4	4	4	4	
1	-1	0	0	0	0	0	0	0	0	0	0	0	0	0	0	0	0	0	0	0	0	0	0	0	0	0	
0	1	-1	0	0	0	0	0	0	0	0	0	0	0	0	0	0	0	0	0	0	0	0	0	0	0	0	
0	0	1	-1	0	0	0	0	0	0	0	0	0	0	0	0	0	0	0	0	0	0	0	0	0	0	0	
0	0	0	1	-1	0	0	0	0	0	0	0	0	0	0	0	0	0	0	0	0	0	0	0	0	0	0	
0	0	0	0	1	-1	0	0	0	0	0	0	0	0	0	0	0	0	0	0	0	0	0	0	0	0	0	
0	0	0	0	0	1	-1	0	0	0	0	0	0	0	0	0	0	0	0	0	0	0	0	0	0	0	0	
0	0	0	0	0	0	1	-1	0	0	0	0	0	0	0	0	0	0	0	0	0	0	0	0	0	0	0	
0	0	0	0	0	0	0	1	-1	0	0	0	0	0	0	0	0	0	0	0	0	0	0	0	0	0	0	
0	0	0	0	0	0	0	0	0	1	-1	0	0	0	0	0	0	0	0	0	0	0	0	0	0	0	0	
0	0	0	0	0	0	0	0	0	0	1	-1	0	0	0	0	0	0	0	0	0	0	0	0	0	0	0	
0	0	0	0	0	0	0	0	0	0	0	1	-1	0	0	0	0	0	0	0	0	0	0	0	0	0	0	
0	0	0	0	0	0	0	0	0	0	0	0	1	-1	0	0	0	0	0	0	0	0	0	0	0	0	0	
0	0	0	0	0	0	0	0	0	0	0	0	0	1	-1	0	0	0	0	0	0	0	0	0	0	0	0	
0	0	0	0	0	0	0	0	0	0	0	0	0	0	1	-1	0	0	0	0	0	0	0	0	0	0	0	
0	0	0	0	0	0	0	0	0	0	0	0	0	0	0	1	-1	0	0	0	0	0	0	0	0	0	0	
0	0	0	0	0	0	0	0	0	0	0	0	0	0	0	0	1	-1	0	0	0	0	0	0	0	0	0	
0	0	0	0	0	0	0	0	0	0	0	0	0	0	0	0	0	0	1	-1	0	0	0	0	0	0	0	
0	0	0	0	0	0	0	0	0	0	0	0	0	0	0	0	0	0	0	1	-1	0	0	0	0	0	0	
0	0	0	0	0	0	0	0	0	0	0	0	0	0	0	0	0	0	0	0	1	-1	0	0	0	0	0	
0	0	0	0	0	0	0	0	0	0	0	0	0	0	0	0	0	0	0	0	0	1	-1	0	0	0	0	
0	0	0	0	0	0	0	0	0	0	0	0	0	0	0	0	0	0	0	0	0	0	1	-1	0	0	0	
0	0	0	0	0	0	0	0	0	0	0	0	0	0	0	0	0	0	0	0	0	0	0	1	-1	0	0	
0	0	0	0	0	0	0	0	0	0	0	0	0	0	0	0	0	0	0	0	0	0	0	0	1	-1	0	
0	0	0	0	0	0	0	0	0	0	0	0	0	0	0	0	0	0	0	0	0	0	0	0	0	1	-1	
-2	0	0	0	2	-2	-1	0	3	0	0	0	-4	4	-2	0	0	2	0	0	0	0	0	0	-3	0	3	
0	0	0	0	-2	0	0	0	2	0	-1	0	0	0	0	0	0	1	0	-1	0	-3	1	3	0	0	0	
0	0	0	0	0	0	0	0	0	0	0	0	0	0	0	0	0	0	0	0	0	0	-1	0	0	0	1	
0	0	0	0	0	0	0	0	0	0	0	0	0	0	0	-1	-3	4	0	0	0	0	0	0	0	0	0	
0	0	0	-4	0	0	0	0	4	-2	0	0	0	0	0	0	0	2	0	0	0	0	0	-4	0	4	0	
0	0	-4	0	0	1	0	0	3	0	0	0	0	-2	0	0	0	2	0	0	0	0	0	0	0	0	0	
0	0	0	0	0	0	0	-1	1	0	0	-4	0	0	0	0	0	4	-1	0	-2	0	0	0	3	-2	2	
0	-1	0	0	0	0	0	1	0	0	0	0	0	0	0	0	0	0	0	0	0	0	0	0	0	0	0	
13
0	1	2	3	5	6	7	11	13	14	15	22	23	
2	2	2	2	2	3	3	4	2	2	2	3	3	
15
4	5	6	7	9	10	11	12	13	14	15	17	18	19	20	
2	2	2	2	1	1	1	1	1	1	1	1	1	4	3	
4
20	21	22	23	
1	1	1	1	
2
14	15	
1	4	
15
3	4	5	6	7	8	9	10	11	12	13	14	15	21	22	
4	4	4	4	4	2	2	2	2	2	2	2	2	4	4	
10
2	3	4	5	6	7	12	13	14	15	
4	4	4	3	3	3	2	2	2	2	
14
7	10	11	12	13	14	15	16	17	18	19	20	21	23	
1	4	4	4	4	4	4	1	1	3	3	3	3	2	
6
1	2	3	4	5	6	
1	1	1	1	1	1	
